NWS NDFD Degree Day Forecasts

Station          Date    Tmax  Tmin  50 F  48 F  45 F  43 F  40 F   4 C

ALBANY           07/06    86    59    23    25    28    30    33    19
                 07/07    83    70    27    29    32    34    37    21
                 07/08    83    71    27    29    32    34    37    21
                 07/09    79    63    21    23    26    28    31    18
                 07/10    82    64    23    25    28    30    33    19
                 07/11    83    63    23    25    28    30    33    19
                 07/12    83    65    24    26    29    31    34    19

WATERTOWN        07/06    86    55    21    23    26    28    31    17
                 07/07    84    69    27    29    32    34    37    21
                 07/08    73    62    18    20    23    25    28    16
                 07/09    75    56    16    18    21    23    26    15
                 07/10    75    57    16    18    21    23    26    15
                 07/11    76    59    18    20    23    25    28    16
                 07/12    78    60    19    21    24    26    29    17

BINGHAMTON       07/06    82    59    21    23    26    28    31    17
                 07/07    83    66    25    27    30    32    35    20
                 07/08    75    66    21    23    26    28    31    17
                 07/09    77    56    17    19    22    24    27    15
                 07/10    80    60    20    22    25    27    30    17
                 07/11    81    61    21    23    26    28    31    18
                 07/12    80    64    22    24    27    29    32    18

BUFFALO          07/06    86    64    25    27    30    32    35    20
                 07/07    84    69    27    29    32    34    37    21
                 07/08    73    61    17    19    22    24    27    15
                 07/09    73    60    17    19    22    24    27    15
                 07/10    77    60    19    21    24    26    29    16
                 07/11    77    64    21    23    26    28    31    17
                 07/12    81    64    23    25    28    30    33    19

DUNKIRK          07/06    79    63    21    23    26    28    31    18
                 07/07    79    67    23    25    28    30    33    19
                 07/08    69    62    16    18    21    23    26    15
                 07/09    69    60    15    17    20    22    25    14
                 07/10    72    61    17    19    22    24    27    15
                 07/11    73    64    19    21    24    26    29    16
                 07/12    76    65    21    23    26    28    31    17

DANSVILLE        07/06    86    61    24    26    29    31    34    19
                 07/07    90    68    29    31    34    36    39    22
                 07/08    74    64    19    21    24    26    29    17
                 07/09    73    59    16    18    21    23    26    15
                 07/10    80    61    21    23    26    28    31    17
                 07/11    80    63    22    24    27    29    32    18
                 07/12    82    63    23    25    28    30    33    19

ELMIRA           07/06    83    60    22    24    27    29    32    18
                 07/07    87    67    27    29    32    34    37    21
                 07/08    76    66    21    23    26    28    31    18
                 07/09    78    58    18    20    23    25    28    16
                 07/10    81    60    21    23    26    28    31    17
                 07/11    83    61    22    24    27    29    32    18
                 07/12    82    64    23    25    28    30    33    19

WELLSVILLE       07/06    77    60    19    21    24    26    29    16
                 07/07    81    64    23    25    28    30    33    19
                 07/08    72    61    17    19    22    24    27    15
                 07/09    70    55    13    15    18    20    23    13
                 07/10    76    58    17    19    22    24    27    15
                 07/11    77    61    19    21    24    26    29    17
                 07/12    78    61    20    22    25    27    30    17

FARMINGDALE      07/06    83    68    26    28    31    33    36    20
                 07/07    84    70    27    29    32    34    37    21
                 07/08    85    72    29    31    34    36    39    22
                 07/09    83    70    27    29    32    34    37    21
                 07/10    82    68    25    27    30    32    35    20
                 07/11    83    69    26    28    31    33    36    20
                 07/12    84    70    27    29    32    34    37    21

FULTON           07/06    88    58    23    25    28    30    33    19
                 07/07    89    69    29    31    34    36    39    22
                 07/08    74    64    19    21    24    26    29    17
                 07/09    75    58    17    19    22    24    27    15
                 07/10    79    58    19    21    24    26    29    16
                 07/11    80    62    21    23    26    28    31    18
                 07/12    81    62    22    24    27    29    32    18

GLENS FALLS      07/06    86    56    21    23    26    28    31    18
                 07/07    81    67    24    26    29    31    34    19
                 07/08    80    68    24    26    29    31    34    19
                 07/09    79    59    19    21    24    26    29    17
                 07/10    82    60    21    23    26    28    31    18
                 07/11    83    60    22    24    27    29    32    18
                 07/12    83    62    23    25    28    30    33    19

FORT DRUM        07/06    86    57    22    24    27    29    32    18
                 07/07    85    69    27    29    32    34    37    21
                 07/08    72    61    17    19    22    24    27    15
                 07/09    75    55    15    17    20    22    25    14
                 07/10    77    57    17    19    22    24    27    15
                 07/11    76    60    18    20    23    25    28    16
                 07/12    77    60    19    21    24    26    29    16

WfHITE PLAINS    07/06    83    63    23    25    28    30    33    19
                 07/07    83    68    26    28    31    33    36    20
                 07/08    86    71    29    31    34    36    39    22
                 07/09    82    68    25    27    30    32    35    20
                 07/10    82    66    24    26    29    31    34    19
                 07/11    84    68    26    28    31    33    36    20
                 07/12    85    68    27    29    32    34    37    21

NIAGARA FALLS    07/06    87    63    25    27    30    32    35    20
                 07/07    85    68    27    29    32    34    37    21
                 07/08    72    59    16    18    21    23    26    15
                 07/09    73    59    16    18    21    23    26    15
                 07/10    79    59    19    21    24    26    29    17
                 07/11    79    62    21    23    26    28    31    17
                 07/12    82    64    23    25    28    30    33    19

ITHACA           07/06    83    60    22    24    27    29    32    18
                 07/07    85    66    26    28    31    33    36    20
                 07/08    73    65    19    21    24    26    29    17
                 07/09    76    56    16    18    21    23    26    15
                 07/10    80    60    20    22    25    27    30    17
                 07/11    82    61    22    24    27    29    32    18
                 07/12    81    64    23    25    28    30    33    19

JAMESTOWN        07/06    81    60    21    23    26    28    31    17
                 07/07    82    64    23    25    28    30    33    19
                 07/08    73    60    17    19    22    24    27    15
                 07/09    72    57    15    17    20    22    25    14
                 07/10    77    59    18    20    23    25    28    16
                 07/11    78    62    20    22    25    27    30    17
                 07/12    78    63    21    23    26    28    31    17

MONTGOMERY       07/06    85    57    21    23    26    28    31    18
                 07/07    84    67    26    28    31    33    36    20
                 07/08    86    66    26    28    31    33    36    20
                 07/09    81    64    23    25    28    30    33    19
                 07/10    82    64    23    25    28    30    33    19
                 07/11    84    65    25    27    30    32    35    20
                 07/12    85    66    26    28    31    33    36    20

MASSENA          07/06    86    57    22    24    27    29    32    18
                 07/07    85    66    26    28    31    33    36    20
                 07/08    75    65    20    22    25    27    30    17
                 07/09    78    56    17    19    22    24    27    15
                 07/10    82    58    20    22    25    27    30    17
                 07/11    83    58    21    23    26    28    31    17
                 07/12    82    62    22    24    27    29    32    18

MONTICELLO       07/06    81    56    19    21    24    26    29    16
                 07/07    80    64    22    24    27    29    32    18
                 07/08    79    65    22    24    27    29    32    18
                 07/09    77    58    18    20    23    25    28    16
                 07/10    79    60    20    22    25    27    30    17
                 07/11    80    61    21    23    26    28    31    17
                 07/12    79    62    21    23    26    28    31    17

NEW YORK CITY    07/06    84    71    28    30    33    35    38    21
                 07/07    86    71    29    31    34    36    39    22
                 07/08    88    74    31    33    36    38    41    23
                 07/09    84    71    28    30    33    35    38    21
                 07/10    84    69    27    29    32    34    37    21
                 07/11    85    70    28    30    33    35    38    21
                 07/12    86    71    29    31    34    36    39    22

PENN YAN         07/06    84    60    22    24    27    29    32    18
                 07/07    87    68    28    30    33    35    38    21
                 07/08    73    65    19    21    24    26    29    17
                 07/09    77    59    18    20    23    25    28    16
                 07/10    80    62    21    23    26    28    31    18
                 07/11    82    63    23    25    28    30    33    19
                 07/12    81    66    24    26    29    31    34    19

PLATTSBURGH      07/06    84    55    20    22    25    27    30    17
                 07/07    83    64    24    26    29    31    34    19
                 07/08    78    67    23    25    28    30    33    19
                 07/09    76    59    18    20    23    25    28    16
                 07/10    80    59    20    22    25    27    30    17
                 07/11    82    61    22    24    27    29    32    18
                 07/12    83    64    24    26    29    31    34    19

POUGHKEEPSIE     07/06    84    59    22    24    27    29    32    18
                 07/07    86    70    28    30    33    35    38    22
                 07/08    86    72    29    31    34    36    39    22
                 07/09    81    64    23    25    28    30    33    19
                 07/10    82    65    24    26    29    31    34    19
                 07/11    83    64    24    26    29    31    34    19
                 07/12    83    65    24    26    29    31    34    19

UTICA/ROME       07/06    84    53    19    21    24    26    29    16
                 07/07    84    68    26    28    31    33    36    20
                 07/08    76    66    21    23    26    28    31    18
                 07/09    78    57    18    20    23    25    28    16
                 07/10    80    60    20    22    25    27    30    17
                 07/11    82    61    22    24    27    29    32    18
                 07/12    81    64    23    25    28    30    33    19

ROCHESTER        07/06    87    62    25    27    30    32    35    20
                 07/07    90    69    30    32    35    37    40    22
                 07/08    74    62    18    20    23    25    28    16
                 07/09    75    59    17    19    22    24    27    15
                 07/10    80    58    19    21    24    26    29    17
                 07/11    80    62    21    23    26    28    31    18
                 07/12    82    63    23    25    28    30    33    19

SARANAC          07/06    82    46    14    16    19    21    24    14
                 07/07    79    57    18    20    23    25    28    16
                 07/08    71    62    17    19    22    24    27    15
                 07/09    74    51    13    15    18    20    23    13
                 07/10    77    53    15    17    20    22    25    14
                 07/11    79    55    17    19    22    24    27    15
                 07/12    77    56    17    19    22    24    27    15

SYRACUSE         07/06    85    55    20    22    25    27    30    17
                 07/07    86    69    28    30    33    35    38    21
                 07/08    74    66    20    22    25    27    30    17
                 07/09    78    58    18    20    23    25    28    16
                 07/10    81    61    21    23    26    28    31    18
                 07/11    83    62    23    25    28    30    33    19
                 07/12    83    65    24    26    29    31    34    19

FREDONIA         07/06    83    62    23    25    28    30    33    19
                 07/07    82    65    24    26    29    31    34    19
                 07/08    70    60    15    17    20    22    25    14
                 07/09    71    58    15    17    20    22    25    14
                 07/10    76    59    18    20    23    25    28    16
                 07/11    76    62    19    21    24    26    29    17
                 07/12    78    62    20    22    25    27    30    17

WILLIAMSON       07/06    85    63    24    26    29    31    34    19
                 07/07    88    69    29    31    34    36    39    22
                 07/08    71    63    17    19    22    24    27    15
                 07/09    72    58    15    17    20    22    25    14
                 07/10    75    59    17    19    22    24    27    15
                 07/11    76    62    19    21    24    26    29    17
                 07/12    77    62    20    22    25    27    30    17

ALBION           07/06    86    64    25    27    30    32    35    20
                 07/07    88    68    28    30    33    35    38    22
                 07/08    72    61    17    19    22    24    27    15
                 07/09    74    60    17    19    22    24    27    15
                 07/10    77    59    18    20    23    25    28    16
                 07/11    78    62    20    22    25    27    30    17
                 07/12    81    64    23    25    28    30    33    19

ARKPORT          07/06    82    60    21    23    26    28    31    18
                 07/07    87    67    27    29    32    34    37    21
                 07/08    74    63    19    21    24    26    29    16
                 07/09    76    57    17    19    22    24    27    15
                 07/10    80    59    20    22    25    27    30    17
                 07/11    81    61    21    23    26    28    31    18
                 07/12    81    64    23    25    28    30    33    19

BATAVIA          07/06    87    62    25    27    30    32    35    20
                 07/07    86    68    27    29    32    34    37    21
                 07/08    73    61    17    19    22    24    27    15
                 07/09    74    58    16    18    21    23    26    15
                 07/10    79    58    19    21    24    26    29    16
                 07/11    79    62    21    23    26    28    31    17
                 07/12    81    62    22    24    27    29    32    18

BRANCHPORT       07/06    82    59    21    23    26    28    31    17
                 07/07    86    67    27    29    32    34    37    21
                 07/08    73    64    19    21    24    26    29    16
                 07/09    76    57    17    19    22    24    27    15
                 07/10    79    61    20    22    25    27    30    17
                 07/11    81    62    22    24    27    29    32    18
                 07/12    80    65    23    25    28    30    33    19

CHAZY            07/06    85    58    22    24    27    29    32    18
                 07/07    83    65    24    26    29    31    34    19
                 07/08    76    67    22    24    27    29    32    18
                 07/09    77    59    18    20    23    25    28    16
                 07/10    80    60    20    22    25    27    30    17
                 07/11    81    61    21    23    26    28    31    18
                 07/12    83    64    24    26    29    31    34    19

CLIFTON PARK     07/06    85    59    22    24    27    29    32    18
                 07/07    83    69    26    28    31    33    36    20
                 07/08    82    71    27    29    32    34    37    21
                 07/09    79    62    21    23    26    28    31    17
                 07/10    82    63    23    25    28    30    33    19
                 07/11    83    62    23    25    28    30    33    19
                 07/12    83    65    24    26    29    31    34    19

CLINTONDALE      07/06    81    60    21    23    26    28    31    17
                 07/07    84    68    26    28    31    33    36    20
                 07/08    83    70    27    29    32    34    37    21
                 07/09    80    64    22    24    27    29    32    18
                 07/10    82    65    24    26    29    31    34    19
                 07/11    83    64    24    26    29    31    34    19
                 07/12    83    65    24    26    29    31    34    19

CROWN POINT      07/06    86    56    21    23    26    28    31    18
                 07/07    82    63    23    25    28    30    33    19
                 07/08    79    68    24    26    29    31    34    19
                 07/09    78    58    18    20    23    25    28    16
                 07/10    81    59    20    22    25    27    30    17
                 07/11    83    61    22    24    27    29    32    18
                 07/12    84    63    24    26    29    31    34    19

EDEN             07/06    85    63    24    26    29    31    34    19
                 07/07    83    68    26    28    31    33    36    20
                 07/08    74    61    18    20    23    25    28    16
                 07/09    73    59    16    18    21    23    26    15
                 07/10    77    60    19    21    24    26    29    16
                 07/11    78    64    21    23    26    28    31    18
                 07/12    81    64    23    25    28    30    33    19

ELBA             07/06    88    63    26    28    31    33    36    20
                 07/07    88    68    28    30    33    35    38    22
                 07/08    74    61    18    20    23    25    28    16
                 07/09    75    58    17    19    22    24    27    15
                 07/10    80    58    19    21    24    26    29    17
                 07/11    80    62    21    23    26    28    31    18
                 07/12    82    63    23    25    28    30    33    19

FARMINGTON       07/06    87    63    25    27    30    32    35    20
                 07/07    90    69    30    32    35    37    40    22
                 07/08    74    63    19    21    24    26    29    16
                 07/09    75    58    17    19    22    24    27    15
                 07/10    79    59    19    21    24    26    29    17
                 07/11    79    62    21    23    26    28    31    17
                 07/12    82    63    23    25    28    30    33    19

FREEVILLE        07/06    82    61    22    24    27    29    32    18
                 07/07    84    66    25    27    30    32    35    20
                 07/08    72    65    19    21    24    26    29    16
                 07/09    76    56    16    18    21    23    26    15
                 07/10    80    59    20    22    25    27    30    17
                 07/11    81    61    21    23    26    28    31    18
                 07/12    80    64    22    24    27    29    32    18

GAINESVILLE      07/06    81    61    21    23    26    28    31    18
                 07/07    83    66    25    27    30    32    35    20
                 07/08    71    59    15    17    20    22    25    14
                 07/09    71    56    14    16    19    21    24    14
                 07/10    76    57    17    19    22    24    27    15
                 07/11    75    60    18    20    23    25    28    16
                 07/12    77    60    19    21    24    26    29    16

GENEVA           07/06    85    62    24    26    29    31    34    19
                 07/07    89    69    29    31    34    36    39    22
                 07/08    73    64    19    21    24    26    29    16
                 07/09    75    59    17    19    22    24    27    15
                 07/10    80    61    21    23    26    28    31    17
                 07/11    81    63    22    24    27    29    32    18
                 07/12    82    65    24    26    29    31    34    19

GROVELAND        07/06    86    62    24    26    29    31    34    19
                 07/07    90    69    30    32    35    37    40    22
                 07/08    74    64    19    21    24    26    29    17
                 07/09    74    60    17    19    22    24    27    15
                 07/10    80    61    21    23    26    28    31    17
                 07/11    81    64    23    25    28    30    33    19
                 07/12    82    64    23    25    28    30    33    19

GUILDERLAND      07/06    84    59    22    24    27    29    32    18
                 07/07    82    67    25    27    30    32    35    20
                 07/08    81    71    26    28    31    33    36    20
                 07/09    80    62    21    23    26    28    31    18
                 07/10    82    64    23    25    28    30    33    19
                 07/11    84    63    24    26    29    31    34    19
                 07/12    84    65    25    27    30    32    35    20

HUDSON           07/06    85    58    22    24    27    29    32    18
                 07/07    84    64    24    26    29    31    34    19
                 07/08    81    68    25    27    30    32    35    20
                 07/09    80    62    21    23    26    28    31    18
                 07/10    82    63    23    25    28    30    33    19
                 07/11    83    62    23    25    28    30    33    19
                 07/12    83    64    24    26    29    31    34    19

KNOWLESVILLE     07/06    85    63    24    26    29    31    34    19
                 07/07    87    68    28    30    33    35    38    21
                 07/08    72    60    16    18    21    23    26    15
                 07/09    74    59    17    19    22    24    27    15
                 07/10    77    58    18    20    23    25    28    16
                 07/11    78    61    20    22    25    27    30    17
                 07/12    81    63    22    24    27    29    32    18

LAFAYETTE        07/06    84    62    23    25    28    30    33    19
                 07/07    86    69    28    30    33    35    38    21
                 07/08    73    66    20    22    25    27    30    17
                 07/09    77    58    18    20    23    25    28    16
                 07/10    80    61    21    23    26    28    31    17
                 07/11    82    62    22    24    27    29    32    18
                 07/12    82    65    24    26    29    31    34    19

LOCKPORT         07/06    87    63    25    27    30    32    35    20
                 07/07    86    68    27    29    32    34    37    21
                 07/08    73    59    16    18    21    23    26    15
                 07/09    73    59    16    18    21    23    26    15
                 07/10    79    58    19    21    24    26    29    16
                 07/11    80    62    21    23    26    28    31    18
                 07/12    83    64    24    26    29    31    34    19

LYNDONVILLE      07/06    79    59    19    21    24    26    29    17
                 07/07    82    64    23    25    28    30    33    19
                 07/08    72    60    16    18    21    23    26    15
                 07/09    70    54    12    14    17    19    22    13
                 07/10    76    57    17    19    22    24    27    15
                 07/11    76    60    18    20    23    25    28    16
                 07/12    78    60    19    21    24    26    29    17

MARLBORO         07/06    84    60    22    24    27    29    32    18
                 07/07    83    67    25    27    30    32    35    20
                 07/08    83    70    27    29    32    34    37    21
                 07/09    81    64    23    25    28    30    33    19
                 07/10    82    64    23    25    28    30    33    19
                 07/11    83    65    24    26    29    31    34    19
                 07/12    83    66    25    27    30    32    35    20

MEXICO           07/06    85    58    22    24    27    29    32    18
                 07/07    86    68    27    29    32    34    37    21
                 07/08    72    63    18    20    23    25    28    16
                 07/09    74    57    16    18    21    23    26    15
                 07/10    76    57    17    19    22    24    27    15
                 07/11    76    60    18    20    23    25    28    16
                 07/12    77    61    19    21    24    26    29    17

APPLETON         07/06    80    64    22    24    27    29    32    18
                 07/07    83    67    25    27    30    32    35    20
                 07/08    70    60    15    17    20    22    25    14
                 07/09    73    59    16    18    21    23    26    15
                 07/10    73    58    16    18    21    23    26    15
                 07/11    75    61    18    20    23    25    28    16
                 07/12    78    63    21    23    26    28    31    17

PERU             07/06    85    54    20    22    25    27    30    17
                 07/07    84    64    24    26    29    31    34    19
                 07/08    79    67    23    25    28    30    33    19
                 07/09    78    58    18    20    23    25    28    16
                 07/10    81    59    20    22    25    27    30    17
                 07/11    82    61    22    24    27    29    32    18
                 07/12    84    64    24    26    29    31    34    19

POTTER           07/06    84    60    22    24    27    29    32    18
                 07/07    87    68    28    30    33    35    38    21
                 07/08    73    64    19    21    24    26    29    16
                 07/09    76    57    17    19    22    24    27    15
                 07/10    80    61    21    23    26    28    31    17
                 07/11    81    63    22    24    27    29    32    18
                 07/12    81    66    24    26    29    31    34    19

PRATTSBURG       07/06    82    57    20    22    25    27    30    17
                 07/07    86    67    27    29    32    34    37    21
                 07/08    73    63    18    20    23    25    28    16
                 07/09    76    56    16    18    21    23    26    15
                 07/10    79    59    19    21    24    26    29    17
                 07/11    81    61    21    23    26    28    31    18
                 07/12    80    64    22    24    27    29    32    18

PULTENEY         07/06    82    61    22    24    27    29    32    18
                 07/07    86    66    26    28    31    33    36    20
                 07/08    73    63    18    20    23    25    28    16
                 07/09    76    57    17    19    22    24    27    15
                 07/10    80    60    20    22    25    27    30    17
                 07/11    81    62    22    24    27    29    32    18
                 07/12    81    64    23    25    28    30    33    19

REDHOOK          07/06    86    58    22    24    27    29    32    18
                 07/07    85    66    26    28    31    33    36    20
                 07/08    84    69    27    29    32    34    37    21
                 07/09    80    62    21    23    26    28    31    18
                 07/10    82    63    23    25    28    30    33    19
                 07/11    83    62    23    25    28    30    33    19
                 07/12    84    64    24    26    29    31    34    19

SAVANNAH         07/06    86    59    23    25    28    30    33    19
                 07/07    87    70    29    31    34    36    39    22
                 07/08    73    64    19    21    24    26    29    16
                 07/09    77    58    18    20    23    25    28    16
                 07/10    80    62    21    23    26    28    31    18
                 07/11    82    63    23    25    28    30    33    19
                 07/12    82    66    24    26    29    31    34    19

SCRIBA           07/06    87    58    23    25    28    30    33    19
                 07/07    88    69    29    31    34    36    39    22
                 07/08    73    64    19    21    24    26    29    16
                 07/09    74    58    16    18    21    23    26    15
                 07/10    78    58    18    20    23    25    28    16
                 07/11    78    61    20    22    25    27    30    17
                 07/12    79    61    20    22    25    27    30    17

SODUS            07/06    87    63    25    27    30    32    35    20
                 07/07    89    69    29    31    34    36    39    22
                 07/08    73    63    18    20    23    25    28    16
                 07/09    74    58    16    18    21    23    26    15
                 07/10    78    59    19    21    24    26    29    16
                 07/11    77    62    20    22    25    27    30    17
                 07/12    80    63    22    24    27    29    32    18

VALOIS           07/06    83    63    23    25    28    30    33    19
                 07/07    86    67    27    29    32    34    37    21
                 07/08    74    64    19    21    24    26    29    17
                 07/09    76    57    17    19    22    24    27    15
                 07/10    79    61    20    22    25    27    30    17
                 07/11    81    62    22    24    27    29    32    18
                 07/12    80    65    23    25    28    30    33    19

WATERPORT        07/06    83    64    24    26    29    31    34    19
                 07/07    86    68    27    29    32    34    37    21
                 07/08    71    60    16    18    21    23    26    15
                 07/09    73    58    16    18    21    23    26    15
                 07/10    74    58    16    18    21    23    26    15
                 07/11    76    60    18    20    23    25    28    16
                 07/12    79    62    21    23    26    28    31    17

WAYLAND          07/06    83    60    22    24    27    29    32    18
                 07/07    88    67    28    30    33    35    38    21
                 07/08    71    62    17    19    22    24    27    15
                 07/09    71    57    14    16    19    21    24    14
                 07/10    78    59    19    21    24    26    29    16
                 07/11    79    61    20    22    25    27    30    17
                 07/12    79    62    21    23    26    28    31    17

WATKINS GLEN     07/06    81    61    21    23    26    28    31    18
                 07/07    86    67    27    29    32    34    37    21
                 07/08    74    64    19    21    24    26    29    17
                 07/09    76    57    17    19    22    24    27    15
                 07/10    80    59    20    22    25    27    30    17
                 07/11    81    61    21    23    26    28    31    18
                 07/12    80    64    22    24    27    29    32    18

VALATIE          07/06    86    57    22    24    27    29    32    18
                 07/07    83    63    23    25    28    30    33    19
                 07/08    80    66    23    25    28    30    33    19
                 07/09    79    62    21    23    26    28    31    17
                 07/10    81    63    22    24    27    29    32    18
                 07/11    83    62    23    25    28    30    33    19
                 07/12    83    64    24    26    29    31    34    19
