NWS NDFD Degree Day Forecasts

Station                Date    Tmax  Tmin  50 F  48 F  45 F  43 F  40 F   4 C

Deerfield, MA          07/06    88    59    24    26    29    31    34    19
                       07/07    82    63    23    25    28    30    33    19
                       07/08    85    68    27    29    32    34    37    21
                       07/09    79    63    21    23    26    28    31    18
                       07/10    83    61    22    24    27    29    32    18
                       07/11    86    62    24    26    29    31    34    19
                       07/12    87    63    25    27    30    32    35    20

Belchertown, MA        07/06    87    57    22    24    27    29    32    18
                       07/07    81    63    22    24    27    29    32    18
                       07/08    84    68    26    28    31    33    36    20
                       07/09    78    63    21    23    26    28    31    17
                       07/10    81    63    22    24    27    29    32    18
                       07/11    84    62    23    25    28    30    33    19
                       07/12    86    63    25    27    30    32    35    20

Middletown, RI         07/06    82    62    22    24    27    29    32    18
                       07/07    78    65    22    24    27    29    32    18
                       07/08    83    69    26    28    31    33    36    20
                       07/09    77    68    23    25    28    30    33    19
                       07/10    79    65    22    24    27    29    32    18
                       07/11    80    64    22    24    27    29    32    18
                       07/12    82    65    24    26    29    31    34    19

Northboro, MA          07/06    86    62    24    26    29    31    34    19
                       07/07    82    64    23    25    28    30    33    19
                       07/08    87    70    29    31    34    36    39    22
                       07/09    76    64    20    22    25    27    30    17
                       07/10    82    62    22    24    27    29    32    18
                       07/11    84    62    23    25    28    30    33    19
                       07/12    86    64    25    27    30    32    35    20

Boston (Weld Hill), MA 07/06    87    64    26    28    31    33    36    20
                       07/07    84    65    25    27    30    32    35    20
                       07/08    89    71    30    32    35    37    40    23
                       07/09    77    67    22    24    27    29    32    18
                       07/10    82    63    23    25    28    30    33    19
                       07/11    84    63    24    26    29    31    34    19
                       07/12    86    65    26    28    31    33    36    20

Amesbury, MA           07/06    84    61    23    25    28    30    33    19
                       07/07    82    64    23    25    28    30    33    19
                       07/08    87    69    28    30    33    35    38    22
                       07/09    75    64    20    22    25    27    30    17
                       07/10    80    60    20    22    25    27    30    17
                       07/11    82    62    22    24    27    29    32    18
                       07/12    83    62    23    25    28    30    33    19

Ashfield, MA           07/06    79    61    20    22    25    27    30    17
                       07/07    76    61    19    21    24    26    29    16
                       07/08    79    67    23    25    28    30    33    19
                       07/09    73    60    17    19    22    24    27    15
                       07/10    77    59    18    20    23    25    28    16
                       07/11    79    61    20    22    25    27    30    17
                       07/12    81    62    22    24    27    29    32    18

Belchertown-2, MA      07/06    87    57    22    24    27    29    32    18
                       07/07    81    63    22    24    27    29    32    18
                       07/08    84    68    26    28    31    33    36    20
                       07/09    78    63    21    23    26    28    31    17
                       07/10    81    63    22    24    27    29    32    18
                       07/11    84    62    23    25    28    30    33    19
                       07/12    86    63    25    27    30    32    35    20

Bolton, MA             07/06    85    62    24    26    29    31    34    19
                       07/07    82    65    24    26    29    31    34    19
                       07/08    86    70    28    30    33    35    38    22
                       07/09    76    64    20    22    25    27    30    17
                       07/10    82    62    22    24    27    29    32    18
                       07/11    84    63    24    26    29    31    34    19
                       07/12    86    64    25    27    30    32    35    20

Dracut, MA             07/06    88    62    25    27    30    32    35    20
                       07/07    84    65    25    27    30    32    35    20
                       07/08    88    70    29    31    34    36    39    22
                       07/09    78    65    22    24    27    29    32    18
                       07/10    83    62    23    25    28    30    33    19
                       07/11    85    62    24    26    29    31    34    19
                       07/12    86    64    25    27    30    32    35    20

East Bridgewater, MA   07/06    88    61    25    27    30    32    35    20
                       07/07    83    64    24    26    29    31    34    19
                       07/08    88    69    29    31    34    36    39    22
                       07/09    77    67    22    24    27    29    32    18
                       07/10    82    62    22    24    27    29    32    18
                       07/11    84    61    23    25    28    30    33    19
                       07/12    87    62    25    27    30    32    35    20

Harvard, MA            07/06    87    62    25    27    30    32    35    20
                       07/07    82    65    24    26    29    31    34    19
                       07/08    86    70    28    30    33    35    38    22
                       07/09    75    64    20    22    25    27    30    17
                       07/10    82    62    22    24    27    29    32    18
                       07/11    84    63    24    26    29    31    34    19
                       07/12    86    64    25    27    30    32    35    20

Middlefield, CT        07/06    86    60    23    25    28    30    33    19
                       07/07    83    67    25    27    30    32    35    20
                       07/08    87    69    28    30    33    35    38    22
                       07/09    81    67    24    26    29    31    34    19
                       07/10    83    64    24    26    29    31    34    19
                       07/11    84    65    25    27    30    32    35    20
                       07/12    84    67    26    28    31    33    36    20

South Deerfield, MA    07/06    87    59    23    25    28    30    33    19
                       07/07    82    64    23    25    28    30    33    19
                       07/08    85    69    27    29    32    34    37    21
                       07/09    79    63    21    23    26    28    31    18
                       07/10    83    62    23    25    28    30    33    19
                       07/11    86    62    24    26    29    31    34    19
                       07/12    87    63    25    27    30    32    35    20

Sharon, MA             07/06    86    63    25    27    30    32    35    20
                       07/07    82    63    23    25    28    30    33    19
                       07/08    88    69    29    31    34    36    39    22
                       07/09    76    65    21    23    26    28    31    17
                       07/10    81    62    22    24    27    29    32    18
                       07/11    83    62    23    25    28    30    33    19
                       07/12    85    64    25    27    30    32    35    20

Stow, MA               07/06    88    62    25    27    30    32    35    20
                       07/07    84    64    24    26    29    31    34    19
                       07/08    88    70    29    31    34    36    39    22
                       07/09    78    64    21    23    26    28    31    18
                       07/10    83    62    23    25    28    30    33    19
                       07/11    86    62    24    26    29    31    34    19
                       07/12    87    63    25    27    30    32    35    20

Stow, MA               07/06    87    62    25    27    30    32    35    20
                       07/07    83    64    24    26    29    31    34    19
                       07/08    87    70    29    31    34    36    39    22
                       07/09    77    64    21    23    26    28    31    17
                       07/10    82    62    22    24    27    29    32    18
                       07/11    85    62    24    26    29    31    34    19
                       07/12    86    63    25    27    30    32    35    20

Tyngsboro, MA          07/06    89    60    25    27    30    32    35    20
                       07/07    85    64    25    27    30    32    35    20
                       07/08    88    70    29    31    34    36    39    22
                       07/09    79    64    22    24    27    29    32    18
                       07/10    84    61    23    25    28    30    33    19
                       07/11    85    62    24    26    29    31    34    19
                       07/12    86    63    25    27    30    32    35    20

Westfield, MA          07/06    88    59    24    26    29    31    34    19
                       07/07    82    64    23    25    28    30    33    19
                       07/08    86    69    28    30    33    35    38    21
                       07/09    79    64    22    24    27    29    32    18
                       07/10    83    62    23    25    28    30    33    19
                       07/11    86    63    25    27    30    32    35    20
                       07/12    87    64    26    28    31    33    36    20

Nantucket, MA          07/06    76    64    20    22    25    27    30    17
                       07/07    73    63    18    20    23    25    28    16
                       07/08    75    66    21    23    26    28    31    17
                       07/09    72    65    19    21    24    26    29    16
                       07/10    73    62    18    20    23    25    28    16
                       07/11    74    62    18    20    23    25    28    16
                       07/12    76    63    20    22    25    27    30    17

North Adams, MA        07/06    85    58    22    24    27    29    32    18
                       07/07    81    64    23    25    28    30    33    19
                       07/08    81    67    24    26    29    31    34    19
                       07/09    78    60    19    21    24    26    29    17
                       07/10    81    61    21    23    26    28    31    18
                       07/11    82    60    21    23    26    28    31    18
                       07/12    82    62    22    24    27    29    32    18

Westfield AP, MA       07/06    88    59    24    26    29    31    34    19
                       07/07    82    65    24    26    29    31    34    19
                       07/08    86    69    28    30    33    35    38    21
                       07/09    79    64    22    24    27    29    32    18
                       07/10    83    62    23    25    28    30    33    19
                       07/11    86    63    25    27    30    32    35    20
                       07/12    87    64    26    28    31    33    36    20

Bedford, MA            07/06    88    60    24    26    29    31    34    19
                       07/07    84    64    24    26    29    31    34    19
                       07/08    89    70    30    32    35    37    40    22
                       07/09    78    65    22    24    27    29    32    18
                       07/10    83    61    22    24    27    29    32    18
                       07/11    85    62    24    26    29    31    34    19
                       07/12    87    63    25    27    30    32    35    20

Boston Logan, MA       07/06    86    67    27    29    32    34    37    21
                       07/07    83    67    25    27    30    32    35    20
                       07/08    87    72    30    32    35    37    40    22
                       07/09    75    68    22    24    27    29    32    18
                       07/10    79    65    22    24    27    29    32    18
                       07/11    82    65    24    26    29    31    34    19
                       07/12    85    66    26    28    31    33    36    20

Beverly, MA            07/06    85    63    24    26    29    31    34    19
                       07/07    81    65    23    25    28    30    33    19
                       07/08    87    70    29    31    34    36    39    22
                       07/09    75    65    20    22    25    27    30    17
                       07/10    79    61    20    22    25    27    30    17
                       07/11    82    62    22    24    27    29    32    18
                       07/12    84    64    24    26    29    31    34    19

Chicopee Falls, MA     07/06    88    56    22    24    27    29    32    18
                       07/07    83    64    24    26    29    31    34    19
                       07/08    86    68    27    29    32    34    37    21
                       07/09    79    63    21    23    26    28    31    18
                       07/10    83    61    22    24    27    29    32    18
                       07/11    85    62    24    26    29    31    34    19
                       07/12    87    63    25    27    30    32    35    20

Chatham, MA            07/06    79    63    21    23    26    28    31    18
                       07/07    75    63    19    21    24    26    29    17
                       07/08    78    67    23    25    28    30    33    19
                       07/09    72    65    19    21    24    26    29    16
                       07/10    74    62    18    20    23    25    28    16
                       07/11    76    62    19    21    24    26    29    17
                       07/12    78    63    21    23    26    28    31    17

New Bedford, MA        07/06    84    62    23    25    28    30    33    19
                       07/07    81    63    22    24    27    29    32    18
                       07/08    85    68    27    29    32    34    37    21
                       07/09    77    67    22    24    27    29    32    18
                       07/10    80    63    22    24    27    29    32    18
                       07/11    82    62    22    24    27    29    32    18
                       07/12    84    63    24    26    29    31    34    19

Fitchburg, MA          07/06    89    62    26    28    31    33    36    20
                       07/07    84    64    24    26    29    31    34    19
                       07/08    87    70    29    31    34    36    39    22
                       07/09    76    64    20    22    25    27    30    17
                       07/10    83    62    23    25    28    30    33    19
                       07/11    85    63    24    26    29    31    34    19
                       07/12    86    65    26    28    31    33    36    20

Falmouth Otis AFB, MA  07/06    80    63    22    24    27    29    32    18
                       07/07    77    63    20    22    25    27    30    17
                       07/08    81    68    25    27    30    32    35    20
                       07/09    75    66    21    23    26    28    31    17
                       07/10    77    63    20    22    25    27    30    17
                       07/11    79    63    21    23    26    28    31    18
                       07/12    81    64    23    25    28    30    33    19

Hyannis, MA            07/06    80    65    23    25    28    30    33    19
                       07/07    77    63    20    22    25    27    30    17
                       07/08    80    68    24    26    29    31    34    19
                       07/09    74    66    20    22    25    27    30    17
                       07/10    76    63    20    22    25    27    30    17
                       07/11    77    63    20    22    25    27    30    17
                       07/12    80    64    22    24    27    29    32    18

Lawrence, MA           07/06    87    63    25    27    30    32    35    20
                       07/07    84    65    25    27    30    32    35    20
                       07/08    88    70    29    31    34    36    39    22
                       07/09    77    65    21    23    26    28    31    18
                       07/10    83    62    23    25    28    30    33    19
                       07/11    85    63    24    26    29    31    34    19
                       07/12    86    64    25    27    30    32    35    20

E Milton Blue Hill, MA 07/06    88    59    24    26    29    31    34    19
                       07/07    84    64    24    26    29    31    34    19
                       07/08    90    70    30    32    35    37    40    23
                       07/09    78    66    22    24    27    29    32    18
                       07/10    83    62    23    25    28    30    33    19
                       07/11    85    62    24    26    29    31    34    19
                       07/12    87    63    25    27    30    32    35    20

Vineyard Haven, MA     07/06    81    64    23    25    28    30    33    19
                       07/07    77    63    20    22    25    27    30    17
                       07/08    80    67    24    26    29    31    34    19
                       07/09    75    66    21    23    26    28    31    17
                       07/10    76    63    20    22    25    27    30    17
                       07/11    78    62    20    22    25    27    30    17
                       07/12    80    63    22    24    27    29    32    18

Orange, MA             07/06    86    56    21    23    26    28    31    18
                       07/07    82    63    23    25    28    30    33    19
                       07/08    84    68    26    28    31    33    36    20
                       07/09    77    62    20    22    25    27    30    17
                       07/10    82    61    22    24    27    29    32    18
                       07/11    84    61    23    25    28    30    33    19
                       07/12    86    63    25    27    30    32    35    20

Worcester, MA          07/06    81    63    22    24    27    29    32    18
                       07/07    78    65    22    24    27    29    32    18
                       07/08    82    69    26    28    31    33    36    20
                       07/09    73    63    18    20    23    25    28    16
                       07/10    78    63    21    23    26    28    31    17
                       07/11    81    63    22    24    27    29    32    18
                       07/12    82    65    24    26    29    31    34    19

Norwood, MA            07/06    88    59    24    26    29    31    34    19
                       07/07    84    64    24    26    29    31    34    19
                       07/08    90    70    30    32    35    37    40    23
                       07/09    78    66    22    24    27    29    32    18
                       07/10    83    62    23    25    28    30    33    19
                       07/11    85    62    24    26    29    31    34    19
                       07/12    87    63    25    27    30    32    35    20

Pittsfield, MA         07/06    86    57    22    24    27    29    32    18
                       07/07    80    60    20    22    25    27    30    17
                       07/08    81    65    23    25    28    30    33    19
                       07/09    77    59    18    20    23    25    28    16
                       07/10    79    61    20    22    25    27    30    17
                       07/11    80    59    20    22    25    27    30    17
                       07/12    80    61    21    23    26    28    31    17

Provincetown, MA       07/06    81    61    21    23    26    28    31    18
                       07/07    76    63    20    22    25    27    30    17
                       07/08    81    66    24    26    29    31    34    19
                       07/09    73    64    19    21    24    26    29    16
                       07/10    74    61    18    20    23    25    28    16
                       07/11    76    62    19    21    24    26    29    17
                       07/12    79    63    21    23    26    28    31    18

Plymouth, MA           07/06    85    60    23    25    28    30    33    19
                       07/07    81    63    22    24    27    29    32    18
                       07/08    86    69    28    30    33    35    38    21
                       07/09    76    66    21    23    26    28    31    18
                       07/10    79    61    20    22    25    27    30    17
                       07/11    81    62    22    24    27    29    32    18
                       07/12    83    63    23    25    28    30    33    19

Taunton, MA            07/06    87    61    24    26    29    31    34    19
                       07/07    81    63    22    24    27    29    32    18
                       07/08    87    69    28    30    33    35    38    22
                       07/09    77    66    22    24    27    29    32    18
                       07/10    81    62    22    24    27    29    32    18
                       07/11    83    61    22    24    27    29    32    18
                       07/12    85    63    24    26    29    31    34    19
